     1.000
     0.984
     0.981
     0.956
     0.938
     0.930
     0.930
     0.910
     0.903
     0.901
     0.895
     0.895
     0.888
     0.877
     0.864
     0.863
     0.857
     0.849
     0.800
     0.788
     0.769
     0.725
     0.712
     0.711
     0.690
     0.687
     0.659
     0.642
     0.634
     0.632
     0.604
     0.586
     0.545
     0.533
     0.526
     0.519
     0.515
     0.508
     0.492
     0.473
     0.471
     0.469
     0.466
     0.463
     0.453
     0.451
     0.449
     0.444
     0.433
     0.415
     0.412
     0.408
     0.405
     0.404
     0.403
     0.397
     0.391
     0.389
     0.375
     0.370
     0.367
     0.365
     0.362
     0.358
     0.355
     0.354
     0.336
     0.331
     0.324
     0.321
     0.319
     0.316
     0.313
     0.310
     0.298
     0.293
     0.286
     0.281
     0.277
     0.260
     0.258
     0.255
     0.255
     0.250
     0.248
     0.232
     0.224
     0.219
     0.218
     0.211
     0.209
     0.206
     0.200
     0.195
     0.194
     0.187
     0.185
     0.183
     0.179
     0.178
     0.177
     0.176
     0.167
     0.164
     0.160
     0.159
     0.156
     0.152
     0.143
     0.136
     0.133
     0.131
     0.128
     0.116
     0.114
     0.113
     0.111
     0.109
     0.108
     0.105
     0.105
     0.105
     0.103
     0.101
     0.101
     0.100
     0.097
     0.097
     0.093
     0.093
     0.093
     0.092
     0.088
     0.086
     0.086
     0.086
     0.085
     0.084
     0.084
     0.084
     0.083
     0.083
     0.080
     0.079
     0.076
     0.075
     0.074
     0.074
     0.073
     0.071
     0.069
     0.068
     0.068
     0.067
     0.066
     0.066
     0.066
     0.066
     0.064
     0.062
     0.062
     0.061
     0.057
     0.055
     0.055
     0.055
     0.055
     0.054
     0.054
     0.054
     0.050
     0.050
     0.048
     0.048
     0.046
     0.045
     0.045
     0.044
     0.043
     0.043
     0.042
     0.041
     0.040
     0.039
     0.038
     0.038
     0.038
     0.037
     0.037
     0.036
     0.035
     0.035
     0.035
     0.035
     0.034
     0.033
     0.033
     0.032
     0.031
     0.030
     0.030
     0.028
     0.028
     0.028
     0.027
     0.027
     0.027
     0.026
     0.026
     0.026
     0.026
     0.026
     0.026
     0.025
     0.025
     0.025
     0.025
     0.025
     0.024
     0.024
     0.024
     0.023
     0.023
     0.023
     0.022
     0.022
     0.022
     0.022
     0.022
     0.022
     0.021
     0.021
     0.021
     0.021
     0.021
     0.020
     0.020
     0.020
     0.019
     0.019
     0.018
     0.018
     0.017
     0.017
     0.017
     0.017
     0.017
     0.017
     0.017
     0.017
     0.017
     0.016
     0.016
     0.016
     0.015
     0.015
     0.015
     0.015
     0.014
     0.014
     0.013
     0.013
     0.013
     0.013
     0.013
     0.013
     0.012
     0.012
     0.012
     0.012
     0.012
     0.011
     0.011
     0.011
     0.011
     0.010
     0.010
     0.009
     0.009
     0.009
     0.009
     0.009
     0.009
     0.008
     0.008
     0.008
     0.008
     0.008
     0.008
     0.008
     0.008
     0.007
     0.007
     0.007
     0.007
     0.007
     0.007
     0.007
     0.007
     0.007
     0.007
     0.006
     0.006
     0.006
     0.006
     0.006
     0.006
     0.006
     0.006
     0.005
     0.005
     0.005
     0.005
     0.005
     0.005
     0.005
     0.005
     0.005
     0.005
     0.005
     0.005
     0.005
     0.005
     0.005
     0.005
     0.004
     0.004
     0.004
     0.004
     0.004
     0.004
     0.004
     0.004
     0.004
     0.004
     0.004
     0.004
     0.004
     0.004
     0.004
     0.004
     0.003
     0.003
     0.003
     0.003
     0.003
     0.003
     0.003
     0.003
     0.003
     0.003
     0.003
     0.003
     0.003
     0.003
     0.002
     0.002
     0.002
     0.002
     0.002
     0.002
     0.002
     0.002
     0.002
     0.002
     0.002
     0.002
     0.002
     0.002
     0.002
     0.002
     0.002
     0.002
     0.002
     0.002
     0.002
     0.002
     0.002
     0.002
     0.002
     0.001
     0.001
     0.001
     0.001
     0.001
     0.001
     0.001
     0.001
     0.001
     0.001
     0.001
     0.001
     0.001
     0.001
     0.001
     0.001
     0.001
     0.001
     0.001
     0.001
     0.001
     0.001
     0.001
     0.001
     0.001
     0.001
     0.001
     0.001
     0.001
     0.001
     0.001
     0.001
     0.001
     0.001
     0.001
     0.001
     0.001
     0.001
     0.001
     0.001
     0.001
     0.001
     0.001
     0.001
     0.001
     0.001
     0.001
     0.001
     0.001
     0.001
     0.001
     0.001
     0.001
     0.000
     0.000
     0.000
     0.000
     0.000
     0.000
     0.000
     0.000
     0.000
     0.000
     0.000
     0.000
     0.000
     0.000
     0.000
     0.000
     0.000
     0.000
     0.000
     0.000
     0.000
     0.000
     0.000
     0.000
     0.000
     0.000
     0.000
     0.000
     0.000
     0.000
     0.000
     0.000
     0.000
     0.000
     0.000
     0.000
     0.000
     0.000
     0.000
     0.000
     0.000
     0.000
     0.000
     0.000
     0.000
     0.000
     0.000
     0.000
     0.000
     0.000
     0.000
     0.000
     0.000
     0.000
     0.000
     0.000
     0.000
     0.000
     0.000
     0.000
     0.000
     0.000
     0.000
     0.000
     0.000
     0.000
     0.000
     0.000
     0.000
     0.000
     0.000
     0.000
     0.000
     0.000
     0.000
     0.000
     0.000
     0.000
     0.000
     0.000
     0.000
     0.000
     0.000
     0.000
     0.000
     0.000
     0.000
     0.000
     0.000
     0.000
     0.000
     0.000
     0.000
     0.000
     0.000
     0.000
     0.000
     0.000
     0.000
     0.000
     0.000
     0.000
     0.000
     0.000
     0.000
     0.000
     0.000
     0.000
     0.000
     0.000
     0.000
     0.000
     0.000
     0.000
     0.000
     0.000
     0.000
     0.000
     0.000
     0.000
     0.000
     0.000
     0.000
     0.000
     0.000
     0.000
     0.000
     0.000
     0.000
     0.000
     0.000
     0.000
     0.000
     0.000
     0.000
     0.000
     0.000
     0.000
     0.000
     0.000
     0.000
     0.000
     0.000
     0.000
     0.000
     0.000
     0.000
     0.000
     0.000
     0.000
     0.000
     0.000
     0.000
     0.000
     0.000
     0.000
     0.000
     0.000
     0.000
     0.000
     0.000
     0.000
     0.000
     0.000
     0.000
     0.000
     0.000
     0.000
     0.000
     0.000
     0.000
     0.000
     0.000
     0.000
     0.000
     0.000
     0.000
     0.000
     0.000
     0.000
     0.000
     0.000
     0.000
     0.000
     0.000
     0.000
     0.000
     0.000
     0.000
     0.000
     0.000
     0.000
     0.000
     0.000
     0.000
     0.000
     0.000
     0.000
     0.000
     0.000
     0.000
     0.000
     0.000
     0.000
     0.000
     0.000
     0.000
     0.000
     0.000
     0.000
     0.000
     0.000
     0.000
     0.000
     0.000
     0.000
     0.000
     0.000
     0.000
     0.000
     0.000
     0.000
     0.000
     0.000
     0.000
     0.000
     0.000
     0.000
     0.000
     0.000
     0.000
     0.000
     0.000
     0.000
     0.000
     0.000
     0.000
     0.000
     0.000
     0.000
     0.000
     0.000
     0.000
     0.000
     0.000
     0.000
     0.000
     0.000
     0.000
     0.000
     0.000
     0.000
     0.000
     0.000
     0.000
     0.000
     0.000
     0.000
     0.000
     0.000
     0.000
     0.000
     0.000
     0.000
     0.000
     0.000
     0.000
     0.000
     0.000
     0.000
     0.000
     0.000
     0.000
     0.000
     0.000
     0.000
     0.000
     0.000
     0.000
     0.000
     0.000
     0.000
     0.000
     0.000
     0.000
     0.000
     0.000
     0.000
     0.000
     0.000
     0.000
     0.000
     0.000
     0.000
     0.000
     0.000
     0.000
     0.000
     0.000
     0.000
     0.000
     0.000
     0.000
     0.000
     0.000
     0.000
     0.000
     0.000
     0.000
     0.000
     0.000
     0.000
     0.000
     0.000
     0.000
     0.000
     0.000
     0.000
     0.000
     0.000
     0.000
     0.000
     0.000
     0.000
     0.000
     0.000
     0.000
     0.000
     0.000
     0.000
     0.000
     0.000
     0.000
     0.000
     0.000
     0.000
     0.000
     0.000
     0.000
     0.000
     0.000
     0.000
     0.000
     0.000
     0.000
     0.000
     0.000
     0.000
     0.000
     0.000
     0.000
     0.000
     0.000
     0.000
     0.000
     0.000
     0.000
     0.000
     0.000
     0.000
     0.000
     0.000
     0.000
     0.000
     0.000
     0.000
     0.000
     0.000
     0.000
     0.000
     0.000
     0.000
     0.000
     0.000
     0.000
     0.000
     0.000
     0.000
     0.000
     0.000
     0.000
     0.000
     0.000
     0.000
     0.000
     0.000
     0.000
     0.000
     0.000
     0.000
     0.000
     0.000
     0.000
     0.000
     0.000
     0.000
     0.000
     0.000
     0.000
     0.000
     0.000
     0.000
     0.000
     0.000
     0.000
     0.000
     0.000
     0.000
     0.000
     0.000
     0.000
     0.000
     0.000
     0.000
     0.000
     0.000
     0.000
     0.000
     0.000
     0.000
     0.000
     0.000
     0.000
     0.000
     0.000
     0.000
     0.000
     0.000
     0.000
     0.000
     0.000
     0.000
     0.000
     0.000
     0.000
     0.000
     0.000
     0.000
     0.000
     0.000
     0.000
     0.000
     0.000
     0.000
     0.000
     0.000
     0.000
     0.000
     0.000
     0.000
     0.000
     0.000
     0.000
     0.000
     0.000
     0.000
     0.000
     0.000
     0.000
     0.000
     0.000
     0.000
     0.000
     0.000
     0.000
     0.000
     0.000
     0.000
     0.000
     0.000
     0.000
     0.000
     0.000
     0.000
     0.000
     0.000
     0.000
     0.000
     0.000
     0.000
     0.000
     0.000
     0.000
     0.000
     0.000
     0.000
     0.000
     0.000
     0.000
     0.000
     0.000
     0.000
     0.000
     0.000
     0.000
     0.000
     0.000
     0.000
     0.000
     0.000
     0.000
     0.000
     0.000
     0.000
     0.000
     0.000
     0.000
     0.000
     0.000
     0.000
     0.000
     0.000
     0.000
     0.000
     0.000
     0.000
     0.000
     0.000
     0.000
     0.000
     0.000
     0.000
     0.000
     0.000
     0.000
     0.000
     0.000
     0.000
     0.000
     0.000
     0.000
     0.000
     0.000
     0.000
     0.000
     0.000
     0.000
     0.000
     0.000
     0.000
     0.000
     0.000
     0.000
     0.000
     0.000
     0.000
     0.000
     0.000
     0.000
     0.000
     0.000
     0.000
     0.000
     0.000
     0.000
     0.000
     0.000
     0.000
     0.000
     0.000
     0.000
     0.000
     0.000
     0.000
     0.000
     0.000
     0.000
     0.000
     0.000
     0.000
     0.000
     0.000
     0.000
     0.000
     0.000
     0.000
     0.000
     0.000
     0.000
     0.000
     0.000
     0.000
     0.000
     0.000
     0.000
     0.000
     0.000
     0.000
     0.000
     0.000
     0.000
     0.000
     0.000
     0.000
     0.000
     0.000
     0.000
     0.000
     0.000
     0.000
     0.000
     0.000
     0.000
     0.000
     0.000
     0.000
     0.000
     0.000
     0.000
     0.000
     0.000
     0.000
     0.000
     0.000
     0.000
     0.000
     0.000
     0.000
     0.000
     0.000
     0.000
     0.000
     0.000
     0.000
     0.000
     0.000
     0.000
     0.000
     0.000
     0.000
     0.000
     0.000
     0.000
     0.000
     0.000
     0.000
     0.000
     0.000
     0.000
     0.000
     0.000
     0.000
     0.000
     0.000
     0.000
     0.000
     0.000
     0.000
     0.000
     0.000
     0.000
     0.000
     0.000
     0.000
     0.000
     0.000
     0.000
     0.000
     0.000
     0.000
     0.000
     0.000
     0.000
     0.000
     0.000
     0.000
     0.000
     0.000
     0.000
     0.000
     0.000
     0.000
     0.000
     0.000
     0.000
     0.000
     0.000
     0.000
     0.000
     0.000
     0.000
     0.000
     0.000
     0.000
     0.000
     0.000
     0.000
     0.000
     0.000
     0.000
     0.000
     0.000
     0.000
     0.000
     0.000
     0.000
     0.000
     0.000
     0.000
     0.000
     0.000
     0.000
     0.000
     0.000
     0.000
     0.000
     0.000
     0.000
     0.000
     0.000
     0.000
     0.000
     0.000
     0.000
     0.000
     0.000
     0.000
     0.000
     0.000
     0.000
     0.000
     0.000
     0.000
     0.000
     0.000
     0.000
     0.000
     0.000
     0.000
     0.000
     0.000
     0.000
     0.000
     0.000
     0.000
     0.000
     0.000
     0.000
     0.000
     0.000
     0.000
     0.000
     0.000
     0.000
     0.000
     0.000
     0.000
     0.000
     0.000
     0.000
     0.000
     0.000
     0.000
     0.000
     0.000
     0.000
     0.000
     0.000
     0.000
     0.000
     0.000
     0.000
     0.000
     0.000
     0.000
     0.000
     0.000
     0.000
     0.000
     0.000
     0.000
     0.000
     0.000
     0.000
     0.000
     0.000
     0.000
     0.000
     0.000
     0.000
     0.000
     0.000
     0.000
     0.000
     0.000
     0.000
     0.000
     0.000
     0.000
     0.000
     0.000
     0.000
     0.000
     0.000
     0.000
     0.000
     0.000
     0.000
     0.000
     0.000
     0.000
     0.000
     0.000
     0.000
     0.000
     0.000
     0.000
     0.000
     0.000
     0.000
     0.000
     0.000
     0.000
     0.000
     0.000
     0.000
     0.000
     0.000
     0.000
     0.000
     0.000
     0.000
     0.000
     0.000
     0.000
     0.000
     0.000
     0.000
     0.000
     0.000
     0.000
     0.000
     0.000
     0.000
     0.000
     0.000
     0.000
     0.000
     0.000
     0.000
     0.000
     0.000
     0.000
     0.000
     0.000
     0.000
     0.000
     0.000
     0.000
     0.000
     0.000
     0.000
     0.000
     0.000
     0.000
     0.000
     0.000
     0.000
     0.000
     0.000
     0.000
     0.000
     0.000
     0.000
     0.000
     0.000
     0.000
